Congelados 607.349,8 627.378,6 2.899.433,9 3.550.259,1 4.773,9 5.658,9
Frescos Refrigerados 201.918,1 205.940,8 1.644.102,7 1.870.175,9 8.142,4 9.081,1
Harina 191.640,1 207.984,6 327.109,4 322.460,4 1.706,9 1.550,4
Secado de Algas 75.917,4 80.889,2 107.898,1 130.380,6 1.421,3 1.611,8
Aceite 70.767,6 62.511,0 111.245,3 101.566,6 1.572,0 1.624,8
Conservas 18.626,1 20.790,5 92.374,5 98.305,1 4.959,4 4.728,4
Ahumados 2.930,3 3.059,5 48.489,0 59.955,4 16.547,7 19.596,2
Carragenina 4.956,5 5.057,2 58.913,5 57.806,1 11.886,1 11.430,4
Agar-Agar 1.561,9 1.570,7 39.029,6 37.247,8 24.987,9 23.714,1
Salados 2.617,5 2.961,8 17.836,6 22.650,2 6.814,5 7.647,3
Polímero Natural (Propilenglicol) 919,6 1.042,5 17.533,5 18.855,0 19.065,9 18.085,8
Vivos 86,5 63,3 4.812,7 3.339,6 55.665,5 52.762,2
Alginato de Sodio 281,5 224,7 4.262,2 3.309,1 15.140,6 14.727,6
Acido Algínico 116,0 140,4 1.766,9 2.189,4 15.231,5 15.593,7
Deshidratados 15,7 18,6 1.128,4 1.092,4 71.892,1 58.605,4
Alginato de Magnesio 4,9 13,0 127,2 317,8 25.964,1 24.446,2
Alginato de Potasio 11,3 14,2 199,2 243,3 17.561,8 17.125,5
Secos Salados 0,1 4,0 0,2 51,3 4.400,0 12.861,5